Prognoze pentru eur_ron: [-2.98803638e-05 -6.49812521e-06 -1.41315653e-06 -3.07321160e-07
 -6.68335697e-08 -1.45343914e-08 -3.16081477e-09 -6.87386883e-10
 -1.49487003e-10 -3.25091511e-11 -7.06981131e-12 -1.53748192e-12
 -3.34358379e-13 -7.27133922e-14 -1.58130848e-14 -3.43889404e-15
 -7.47861176e-16 -1.62638433e-16 -3.53692114e-17 -7.69179269e-18
 -1.67274509e-18 -3.63774254e-19 -7.91105043e-20 -1.72042739e-20
 -3.74143790e-21 -8.13655821e-22 -1.76946888e-22 -3.84808914e-23
 -8.36849417e-24 -1.81990833e-24 -3.95778052e-25 -8.60704157e-26
 -1.87178557e-26 -4.07059869e-27 -8.85238886e-28 -1.92514159e-28
 -4.18663280e-29 -9.10472988e-30 -1.98001855e-30]
MAE: 0.0002638096107107552
MSE: 1.130022874349725e-07
RMSE: 0.0003361581286165374
MAPE: 1.0193043229999335
R^2: -0.00410192342479565
