Prognoze pentru usd_ron cu variabile exogene: [ 6.76339327e-05  4.13323932e-04  0.00000000e+00  2.06661966e-04
  2.06661966e-04  0.00000000e+00  0.00000000e+00  0.00000000e+00
  4.80957865e-04  2.06661966e-04  2.06661966e-04  2.06661966e-04
  2.06661966e-04  0.00000000e+00  2.06661966e-04  2.06661966e-04
  2.06661966e-04 -2.06661966e-04 -2.06661966e-04 -3.71991539e-03
  1.03330983e-03  2.06661966e-04 -4.13323932e-04  2.06661966e-04
  4.13323932e-04  0.00000000e+00  0.00000000e+00  0.00000000e+00
 -2.06661966e-04  2.06661966e-04  6.76339327e-05  0.00000000e+00
 -2.06661966e-04  0.00000000e+00  0.00000000e+00  0.00000000e+00
  0.00000000e+00  0.00000000e+00  0.00000000e+00]
MAE: 0.003373009362901933
MSE: 1.8975779186451208e-05
RMSE: 0.004356119739682463
MAPE: 0.9631696694346229
R^2: -0.032777277765960955
