Prognoze pentru eur_ron cu variabile exogene: [-8.28110124e-05  1.36532179e-04 -1.00728081e-06  7.06629891e-05
  7.08206533e-05 -7.38443771e-09 -1.43451928e-09 -2.78673291e-10
  8.55977448e-05  7.08586555e-05  7.08586639e-05  7.08586656e-05
  7.08586659e-05 -1.49771469e-14  7.08586660e-05  7.08586660e-05
  7.08586660e-05 -7.08586660e-05 -7.08586660e-05 -1.27545599e-03
  3.54293330e-04  7.08586660e-05 -1.41717332e-04  7.08586660e-05
  1.41717332e-04 -4.32610024e-23 -8.40399017e-24 -1.63258008e-24
 -7.08586660e-05  7.08586660e-05 -5.61195330e-05 -2.32503943e-27
 -7.08586660e-05 -8.77421430e-29 -1.70450074e-29 -3.31120563e-30
 -6.43243060e-31 -1.24958000e-31 -2.42746526e-32]
MAE: 0.00030085940719916723
MSE: 1.5917951322080294e-07
RMSE: 0.0003989730733029523
MAPE: 1.210290004765936
R^2: -0.4144178761585422
